1 39.45968684158288 15.025679611600935
2 144.52962075546384 142.49554798123427
3 82.00308019970544 96.86666155047715
4 138.68066511978395 161.17496153432876
5 105.00328865461051 102.769852014957
6 61.89003498991951 67.01005198573694
7 74.26035120105371 116.96243472443894
8 54.88357068155892 43.47633588640019
9 166.30110919708386 82.0658157269936
10 155.79905215697363 125.25835911929607
11 89.77739812619984 176.6187701462768
12 20.010543826036155 186.43675558501855
13 132.98871049983427 152.29169965395704
14 119.27568066189997 27.462099762633443
15 148.80750681692734 6.969380415510386
16 97.2733690070454 87.69053618935868
17 96.65197828318924 86.75509544438682
18 96.0655118431896 87.6843256491702
19 96.88356601283886 85.7924130873289
20 98.73495835345238 88.01576400524937
21 97.16719187563285 89.22037535230629
22 97.85964985960163 85.8025033713784
23 97.19661128940061 87.78395060799085
24 95.74222006904893 89.11664967262186
25 95.27075137430802 87.46780401864089
26 96.29117095214315 87.32789037120529
27 98.20943570649251 86.43860607943498
28 96.90015011886135 88.33940456691198
29 97.64601760730147 86.55246840626933
30 96.73538387054577 87.60454577859491
31 95.11320387548767 86.51686722482555
32 96.29602964920923 89.52994959265925
33 97.11414499976672 87.11720630014315
34 98.03810705034994 87.03133155079558
35 97.60903275408782 88.85851205745712
36 96.17769235931337 86.55575547553599
37 123.7936898516491 59.14822130301036
38 124.02105108299293 59.13001202768646
39 123.40334293246269 59.200741653563455
40 122.800844153855 57.655143728712574
41 123.03625627001747 57.33256391971372
42 122.9482867422048 60.077465070877224
43 124.7338022890035 59.36550118518062
44 122.77412074897438 58.76528001646511
45 122.35116585274227 57.61818220000714
46 121.54626898351125 60.29748895065859
47 122.02918072114699 59.185778877930716
48 123.49058634368703 59.15748038771562
49 121.49693031795323 58.22703887335956
50 124.30831235949881 59.92882232624106
51 49.07581777521409 108.2566196040716
52 49.12018580525182 109.38552856398746
53 50.18868304369971 107.25543104996905
54 48.82821678346954 109.37097537750378
55 49.176551721058786 106.67842660052702
56 49.473487191600725 106.36765293614008
57 47.771230176324025 109.69411698938347
58 47.55280222557485 108.01550707151182
59 49.13525094278157 108.75907662464306
60 48.09515155735426 107.72847779584117
61 48.68629488744773 109.07737614493817
62 47.49302650569007 108.5412846612744
63 48.47232325817458 109.49637908046134
64 49.07120360992849 107.94564142497256
65 50.63589599612169 108.50346322241239
66 49.70487332553603 108.65275590820238
67 51.189772497164086 110.30530677665956
68 50.258039213949814 108.89510727277957
69 51.15801951033063 108.67667116364464
70 50.861028706422076 108.63735765125602
71 50.12803161051124 109.59346173820086
72 49.44855043827556 107.86297903582454
73 50.10378926876001 107.8324608344119
74 49.50551986810751 106.66295970929787
75 48.181678467663005 108.83597790636122
76 48.661837534746155 106.22392863873392
77 49.255023564910516 109.70640472858213
78 49.47497709770687 108.96138483216055
79 48.74367535044439 106.71922704624012
80 48.988425123970956 105.93362599867396
81 49.097389144590124 105.87959102378227
82 48.537412581499666 106.45644118101336
83 48.576868679374456 105.95137956109829
84 50.18983691581525 106.79323686542921
85 48.45026167691685 107.97033811477013
86 49.04054679721594 106.61562838428654
87 47.63088387437165 107.4852642826736
88 48.227825864451006 105.8204794107005
89 49.12073186831549 106.57502369512804
90 48.747530709952116 105.70858721062541
91 49.789721883134916 104.97732011973858
92 48.1662090762984 106.54492107708938
93 48.469666130142286 109.74086040118709
94 50.14200534671545 109.61833148286678
95 50.10817601229064 108.73060243809596
96 49.90812105825171 109.28962438739836
97 50.40533850318752 109.367855604738
98 49.16769016883336 110.23715074080974
99 47.07912550889887 109.26527381082997
100 35.90501027973369 73.65587779530324
101 35.030600514030084 75.42369001940824
102 35.21486127679236 73.25645644613542
103 36.15767999133095 74.76959900627844
104 37.494334190152586 73.01386513677426
105 35.399120083777234 73.45283347927034
106 37.02016504528001 72.36403586622328
107 34.33620851417072 72.52789838286117
108 34.096277268836275 71.22740758350119
109 33.230180527316406 71.91976113826968
110 34.601835794746876 70.59789228136651
111 34.284232057398185 72.20799365313724
112 33.97058110218495 72.13061495916918
113 35.714265138376504 71.36255203862675
114 36.27766774315387 73.0784924600739
115 37.514454843476415 74.20766985975206
116 36.43611147883348 74.98654159717262
117 34.791007405146956 73.56264392263256
118 36.042563419323415 73.24261981062591
119 37.833242586348206 73.97332080523483
120 35.81180879147723 71.14193825051188
121 67.42748359078541 49.854788567870855
122 66.2317281186115 50.49543691123836
123 68.61945335799828 50.46467697736807
124 67.0885777384974 51.26476841652766
125 65.7572044483386 49.29982206923887
126 66.18867237516679 50.499084958806634
127 67.93302099267021 48.81651631812565
128 66.67458718689159 49.91063699615188
129 68.48335263086483 50.74877544515766
130 65.68977504270151 49.08278246037662
131 68.25230113230646 49.088821300305426
132 67.3134090565145 48.92301835096441
133 65.37281097611412 48.92658473900519
134 65.02290612552315 49.97500640433282
135 170.32011291151866 37.30112658580765
136 169.36692519206554 36.10178553452715
137 168.48937088018283 37.004490051884204
138 172.02446135203354 36.97683467133902
139 169.70470207952894 38.25216791080311
140 170.77117236657068 36.159320222912356
141 170.00750834448263 36.49019484012388
142 171.0083166018594 38.503840452292934
143 171.82757994672284 38.78483608155511
144 169.5888215051964 38.603667210787535
145 170.1576439202763 39.244683421216905
146 172.0781989400275 40.06541011878289
147 171.24563195672818 40.308987946715206
148 171.18638764182106 36.79787551891059
149 169.51142632495612 39.065734974108636
150 167.95276529435068 39.10837120865472
151 169.98600713256747 38.29723564349115
152 168.24081627232954 38.09813936497085
153 171.0848776383791 39.98000082699582
154 169.80756006366573 39.41017928090878
155 169.7879479387775 38.51819949247874
156 169.23225789889693 38.167161038843915
157 169.75544107076712 37.225368954474106
158 167.97607480129227 37.85170941054821
159 168.4635734912008 39.236473449505866
160 168.75097515573725 38.97447722638026
161 168.51912541128695 37.75868093036115
162 169.4055109207984 37.52592748054303
163 171.5132746703457 36.445828615222126
164 169.92323246598244 36.08381061023101
165 170.23198632337153 36.533309056190774
166 171.13532162434421 35.37189952353947
167 169.69416892086156 35.630152847385034
168 170.94607829279266 34.73748676618561
169 171.50448482413776 38.3884223762434
170 26.695495935622603 165.55205550813116
171 27.96209076582454 165.67056938214228
172 26.410416546743363 164.8836594298482
173 25.95631874911487 164.09999288991094
174 26.566157791996375 166.37991202669218
175 27.262304545613006 167.4522010285873
176 26.47532096062787 164.18427211605012
177 26.208683983888477 164.7489902076777
178 25.867063929326832 162.89206202467903
179 25.856559876119718 165.68113118619658
180 25.170353880384937 166.09226504550315
181 26.605587297817692 163.40438387100585
182 26.274109452497214 163.06366247567348
183 25.9958282019943 164.64833518466912
184 25.898384210187942 167.33995277108625
185 25.494011054979637 165.8104672897607
186 24.546354222111404 167.7880923296325
187 26.97958677308634 166.89232850074768
188 26.863896787399426 165.59760625683703
189 27.228137941565365 166.04303549369797
190 27.688157808734104 166.7968634921126
191 113.69494376564398 134.529727215413
192 115.11783989309333 133.76296770595945
193 113.70794879435562 136.2781820569653
194 112.18352740793489 135.2695464757271
195 114.84577688435093 133.72356871212833
196 115.54442514013499 134.97237689513713
197 114.77148825232871 133.5701064458117
198 114.24655248806812 136.0658326530829
199 113.55211720219813 135.9038614006713
200 114.95153471827507 135.73573653609492
201 113.09643736924045 137.58028135891072
202 114.39044044818729 135.06191894435324
203 115.28305190149695 136.74457732378505
204 113.46926130354404 137.43723028479144
205 113.00603805156425 134.0649651021231
206 112.53739989944734 133.47129572089761
207 112.06034357543103 134.71585913817398
208 113.29148100106977 136.00240671797656
209 113.75260249944404 132.63433323148638
210 113.2643573731184 133.0845763257239
211 112.35882582492195 135.60224223439582
212 114.49405984417535 135.9415859025903
213 114.3766888056416 135.78285705205053
214 113.59764845808968 134.70665030437522
215 116.28734921454452 135.08991951378994
216 115.51569703151472 135.158290324267
217 113.92421054653823 136.63718722201884
218 114.17221027193591 137.65167142404243
219 113.24633951345459 136.41853115241975
220 113.6119133757893 138.173783746548
221 113.91801555640996 137.00614680093713
222 113.2579043705482 137.75321718677878
223 112.07801732118241 137.4147064043209
224 112.64015131164342 135.1311682749074
225 114.98292980599217 135.61663920548744
226 161.1640646555461 23.944345261435956
227 159.71679987595417 24.114990233210847
228 161.4428817757871 22.411292970646173
229 161.46088836574927 22.99681068281643
230 161.81885489006527 24.3394231016282
231 161.00491126277484 25.69119488238357
232 161.40605532191694 23.054280867800117
233 160.96891416213475 25.487509455997497
234 160.26738358591683 23.964071876369417
235 160.60596736660227 27.15357211488299
236 161.0985505376011 26.61366001307033
237 159.705520382151 25.74695548345335
238 161.6297336416319 26.995885255280882
239 159.39110561436974 24.64243132341653
240 160.1676184902899 23.273369175149128
241 159.67443889402784 24.200863665435463
242 158.44400517223403 24.149867023341358
243 159.95032395166345 22.210606859996915
244 161.85453249770217 22.273319268831983
245 159.47725605499 22.222590228309855
246 159.06826057983562 24.430041559506208
247 11.93147905007936 170.2584826129023
248 11.084030136931688 171.04386644717306
249 12.036479221656919 168.37682363623753
250 11.751821014564484 168.63611571653746
251 11.450167121598497 168.92104697111063
252 12.849130148766562 170.87141568702646
253 12.006134314229712 170.5639015585184
254 11.03370578866452 170.98471392458305
255 9.933035213965923 172.11137131787837
256 11.746517909690738 172.827371066669
257 12.413830189965665 171.8859638145659
258 10.952442763140425 170.06687557208352
259 12.065898867789656 169.45186385302804
260 12.237546420423314 169.51688224100508
261 13.454082167241722 169.86819141940214
262 15.404249351471663 170.13995577930473
263 15.160989134805277 170.68013127427548
264 12.554425868205726 169.33841011719778
265 14.840598539216444 169.8073686414864
266 14.982792527647689 170.45950867584907
267 12.761963318102062 171.70337685500272
268 13.140499564120546 171.1209742834326
269 11.893301005242392 169.9538153083995
270 14.32840471365489 171.29284418770112
271 13.338757685618475 172.70416866755113
272 13.608310462208465 171.11366236000322
273 13.35173811390996 172.09398099570535
274 13.553947831736878 171.08635259908624
275 10.562284166458994 170.85780338780023
276 9.80044730566442 171.43068756908178
277 12.50328299566172 171.26749200630002
278 9.96316042705439 170.540533188032
279 9.73390114121139 169.60653544520028
280 10.77194288582541 171.99059973238036
281 10.305993201676756 171.74985105521046